161459
511421
315690
953527
260135
532883
519388
143072
466008
259146
284738
304160
804073
604468
033819
445260
479177
164677
379822
803829
906551
626501
136956
777545
371691
237896
710649
697949
573128
401155
780878
063049
660452
075085
116114
179439
434202
752633
604964
366392
326711
220769
374555
641156
727756
703722
036993
329430
991562
733467
250559
797094
727023
931939
619597
851540
019154
810030
084762
040704
548591
382246
937644
125557
951312
136462
801043
061088
060671
240852
691894
783257
365363
890473
552041
332658
332812
682832
431582
456986
349000
819064
204014
192257
269497
674112
728491
066474
110435
218665
471907
519474
857555
987433
552651
784253
372182
410043
132570
710563
